sequential/simple_rnn/kernel:0
(1, 80)
[[ 0.14168178 -0.13482645  0.1369976  -0.20220527  0.1387911   0.19041082
  -0.02278772  0.23744957  0.06431319 -0.16831511 -0.01298997  0.03541433
  -0.1921831  -0.1668284   0.1658124   0.15238495 -0.10811266 -0.03368979
   0.11242218  0.13895798  0.15146911 -0.08730869  0.17721082 -0.00735626
   0.06186099 -0.07829172  0.17145716 -0.00919709 -0.11257605  0.04227314
   0.14477834  0.01244249 -0.07501247 -0.17009975 -0.11051398 -0.0714021
  -0.04315312  0.0786371  -0.01163995  0.0147747   0.16962205 -0.06873778
  -0.18621679  0.16030015  0.05112283 -0.11952998 -0.12377349  0.11148896
   0.03227553  0.03285736 -0.17179288  0.08129902 -0.11714214 -0.06051258
   0.19691296 -0.17564486 -0.20474347  0.18688285  0.04149392 -0.03477015
  -0.13200405  0.10684038  0.16761471 -0.11271037  0.1702027   0.18602051
   0.04617917  0.06598631 -0.06446958 -0.09179626  0.08856069  0.1989163
   0.11781266 -0.05513925  0.13474709 -0.09495242 -0.18666412 -0.10612697
  -0.15209763 -0.17975707]]
sequential/simple_rnn/recurrent_kernel:0
(80, 80)
[[-0.25073627 -0.17239109 -0.06355032 ... -0.13306977 -0.05974198
   0.07427387]
 [ 0.01075075  0.09250306 -0.12280844 ... -0.20448793  0.05245039
   0.143713  ]
 [ 0.01396408  0.18969066 -0.17689824 ...  0.17217354 -0.00034344
  -0.05854494]
 ...
 [-0.03606808  0.15564826 -0.03107393 ... -0.05843394 -0.00437474
  -0.13235293]
 [-0.01672353 -0.0087483   0.19575527 ... -0.10181907  0.00975389
  -0.15579346]
 [ 0.10465825 -0.16982551  0.10393489 ... -0.06066144  0.07604121
  -0.08790208]]
sequential/simple_rnn/bias:0
(80,)
[-0.02450782  0.02188985 -0.02843997  0.03805826 -0.02405982 -0.03236253
  0.00217959 -0.0339711  -0.01667863  0.03365799  0.00195988 -0.00598912
  0.04047529  0.03080972 -0.03055716 -0.03469885  0.01767619  0.00293957
 -0.01645964 -0.02959766 -0.03080138  0.01764076 -0.02754221 -0.00099364
 -0.01406958  0.01589543 -0.02845366  0.00375641  0.02161464 -0.00274931
 -0.02907681 -0.00070576  0.01202061  0.02809329  0.02120339  0.00996533
  0.00481491 -0.012213    0.00241195 -0.00296449 -0.03242901  0.01276087
  0.03117162 -0.02943997 -0.00853397  0.02333541  0.022222   -0.02110552
 -0.0040191  -0.00594783  0.03149056 -0.01158823  0.02335859  0.01315537
 -0.0351136   0.03413419  0.03630546 -0.03904227 -0.01270253  0.00544606
  0.02673481 -0.01378642 -0.03185155  0.02149303 -0.03053082 -0.03590612
 -0.00685039 -0.01682923  0.01287891  0.01834513 -0.0169357  -0.03785025
 -0.01701743  0.01114712 -0.02848938  0.01913383  0.03033311  0.01454181
  0.02569182  0.03241299]
sequential/simple_rnn_1/kernel:0
(80, 100)
[[-0.10261241 -0.01129346 -0.03600657 ...  0.13441558  0.03818707
   0.11264335]
 [ 0.01515352  0.03221373  0.01675434 ... -0.01592731 -0.08202146
   0.0586803 ]
 [-0.11920135  0.06452374 -0.07783804 ...  0.12241676 -0.07852759
   0.1109427 ]
 ...
 [ 0.0550863  -0.01118264 -0.05804416 ...  0.04695541  0.18794714
  -0.15062776]
 [ 0.04951774 -0.1170484   0.03267567 ...  0.00602128  0.1755351
  -0.1256214 ]
 [ 0.10491864 -0.12667494 -0.12596269 ...  0.10154842  0.12851346
  -0.18723136]]
sequential/simple_rnn_1/recurrent_kernel:0
(100, 100)
[[-0.13219626 -0.0905904   0.08376773 ... -0.04021766 -0.18870309
  -0.07678703]
 [-0.02396731 -0.01983953 -0.02425254 ...  0.11477616 -0.02277228
  -0.1268238 ]
 [ 0.04912104  0.05520967 -0.00079282 ... -0.06813175 -0.04736285
  -0.05088651]
 ...
 [ 0.10043774 -0.05663843  0.02704818 ...  0.05481991 -0.00963095
  -0.0262582 ]
 [ 0.10749643  0.05933605  0.04385535 ...  0.09218095 -0.02123664
  -0.07404108]
 [-0.04281652 -0.13228375  0.09684856 ... -0.01802777 -0.11181718
  -0.01562753]]
sequential/simple_rnn_1/bias:0
(100,)
[-0.00096672  0.00730313 -0.00162798  0.00316342  0.00012035  0.00095598
 -0.00719867  0.00038636 -0.00678849 -0.00145045 -0.00196839 -0.00250404
  0.01007041  0.00319339  0.00130194  0.00675372  0.00358548 -0.00695664
 -0.010826    0.00428796 -0.00095553 -0.00285854  0.00449259 -0.00237859
 -0.00737947  0.00106126  0.00780979 -0.00397059  0.00218869 -0.00806526
 -0.00234851  0.01935179  0.00528311  0.00346947  0.0008168   0.00320887
  0.00954606  0.003926    0.00689768  0.00729032  0.01413886  0.00136405
 -0.00141623 -0.00704313 -0.00582864  0.00267221  0.00114158  0.00178331
 -0.00248227 -0.01062793  0.00293469 -0.00191677 -0.00605668  0.01677188
  0.00276368 -0.01252945  0.00228421  0.00416576 -0.0077036   0.00302528
  0.01122014 -0.00209813 -0.0006916  -0.01211501  0.00443428 -0.00195766
 -0.00194521 -0.00168733  0.00819739 -0.00523023  0.00357355 -0.00445343
 -0.00301365  0.00740466 -0.00445228  0.00833698 -0.00238703  0.00778155
 -0.00153304  0.00067963  0.0062919  -0.01079921  0.01335081 -0.00242786
 -0.0044223   0.00676041 -0.00401526 -0.00153901 -0.00269585  0.00665912
 -0.00773395 -0.00078533  0.00061587 -0.00169223 -0.00509627 -0.00183361
  0.0094019  -0.00155792 -0.00745162  0.00762612]
sequential/dense/kernel:0
(100, 1)
[[-0.13753907]
 [ 0.09275614]
 [-0.0773017 ]
 [-0.044034  ]
 [-0.08382501]
 [-0.03259011]
 [-0.12625657]
 [-0.178539  ]
 [-0.07828975]
 [-0.07958905]
 [-0.11977108]
 [ 0.06355613]
 [ 0.07939697]
 [-0.04795824]
 [ 0.03807566]
 [-0.06340367]
 [ 0.09438918]
 [-0.15484177]
 [-0.10955238]
 [-0.15013638]
 [ 0.11604008]
 [-0.12141125]
 [-0.09058265]
 [ 0.15946053]
 [ 0.05187827]
 [ 0.09918416]
 [ 0.16133758]
 [-0.13932283]
 [ 0.11972382]
 [ 0.12667662]
 [-0.14927627]
 [ 0.11567497]
 [-0.03688652]
 [ 0.13489786]
 [ 0.16450636]
 [ 0.07647596]
 [-0.1032569 ]
 [ 0.04956838]
 [ 0.10014159]
 [ 0.15109976]
 [ 0.09751483]
 [ 0.17577258]
 [-0.12111639]
 [-0.05647139]
 [-0.14508897]
 [-0.15821172]
 [ 0.0679712 ]
 [-0.0335889 ]
 [ 0.06458531]
 [-0.10901521]
 [ 0.14951415]
 [ 0.06319534]
 [-0.14359193]
 [ 0.07344458]
 [ 0.1561276 ]
 [-0.04428332]
 [-0.12943277]
 [-0.03681   ]
 [-0.03871716]
 [ 0.09636064]
 [ 0.0495532 ]
 [-0.02963998]
 [-0.05741379]
 [-0.09175076]
 [-0.10362431]
 [ 0.09660383]
 [-0.08269671]
 [-0.14477374]
 [ 0.04693369]
 [-0.11299232]
 [ 0.07342885]
 [-0.15253302]
 [-0.15606306]
 [ 0.06374233]
 [ 0.03827154]
 [ 0.11411818]
 [-0.0838027 ]
 [ 0.1887536 ]
 [-0.04016643]
 [ 0.15776104]
 [ 0.07261482]
 [-0.07298749]
 [ 0.08968661]
 [ 0.0375664 ]
 [-0.10009137]
 [-0.16275363]
 [-0.1534467 ]
 [-0.05852707]
 [-0.08485629]
 [ 0.11261714]
 [ 0.03049155]
 [ 0.15646479]
 [ 0.14266366]
 [-0.17036672]
 [-0.18121912]
 [-0.06117225]
 [ 0.04481064]
 [-0.03136758]
 [-0.06616678]
 [ 0.12085798]]
sequential/dense/bias:0
(1,)
[0.16555126]
